seed	12026023	poultation_size	100	mean	1.0389466946855874e-12	sigma	40.0
evals	AckleyProblem vlaue
    1	21.723337532407278
 1000	21.598723128521431
 2000	21.734419500689256
 3000	21.716384357291286
 4000	21.587778040791370
 5000	21.824128488068745
 6000	21.856845863906610
 7000	21.713407494105169
 8000	21.822787393220924
 9000	21.693326957817810
10000	21.787139184115667
11000	21.624366034423961
12000	21.699168070341173
13000	21.744524581597897
14000	21.635980393961010
15000	21.799688457301475
16000	21.746045520721491
17000	21.588809795699085
18000	21.615309167886682
19000	21.840456710000193
20000	21.608651468880655
21000	21.852669974873553
22000	21.789124671755467
23000	21.691656949468801
24000	21.734676503881353
25000	21.501072211526910
26000	21.861572321372996
27000	21.802895166560880
28000	21.829319656637576
29000	21.613415386025899
30000	21.768608375866172
31000	21.776685650580124
32000	21.878033122259531
33000	21.758635237104635
34000	21.579451449225971
35000	21.844974559022223
36000	21.767475435785460
37000	21.656478854318880
38000	21.734332673665513
39000	21.743779210195690
40000	21.819562403403108
41000	21.819581618048865
42000	21.531563149543548
43000	21.813170030988932
44000	21.830308257450881
45000	21.826439308853367
46000	21.776073305642328
47000	21.655088588551557
48000	21.776071064453678
49000	21.611158807563459
50000	21.908238219136951
51000	21.722231543274049
52000	21.797425714631121
53000	21.625655101600426
54000	21.647100228427071
55000	21.685509440298741
56000	21.605562505201679
57000	21.904804914353559
58000	21.692295573338864
59000	21.707403614759322
60000	21.721387496635995
61000	21.783956288824829
62000	21.697647716756130
63000	21.620270295423797
64000	21.655566550650807
65000	21.536931103201592
66000	21.755919241242054
67000	21.766548568099509
68000	21.659455159542748
69000	21.839808080712416
70000	21.873093225497293
71000	21.621309347130083
72000	21.698128508135682
73000	21.827172815433268
74000	21.823047218483858
75000	21.913077230743813
76000	21.776336050477749
77000	21.743112726838881
78000	21.760234537645740
79000	21.739081905775784
80000	21.574374669975008
81000	21.795219047472312
82000	21.661713662305193
83000	21.721243473234392
84000	21.744419855161681
85000	21.622674199243257
86000	21.573021479220355
87000	21.667996924322427
88000	21.771242205276906
89000	21.502475898339132
90000	21.648247678147872
91000	21.780158364559682
92000	21.398634531626833
93000	21.776822061098034
94000	21.726133647060060
95000	21.596297533336084
96000	21.713167949440930
97000	21.802450498205669
98000	21.747942585673741
99000	21.706914658982253
100000	21.792322879302041
101000	21.761455711807265
102000	21.700377297700086
103000	21.593136748888028
104000	21.341410523414567
105000	21.775283573724270
106000	21.616844622972696
107000	21.548139641079551
108000	21.453561347633247
109000	21.766007335581158
110000	21.599771488337037
111000	21.725190328742638
112000	21.908374793432575
113000	21.755683673359993
114000	21.541452844454550
115000	21.804131992106949
116000	21.777598823640329
117000	21.405504273879512
118000	21.840820208184059
119000	21.631854753934061
120000	21.712986459273719
121000	21.701577467797605
122000	21.751144828523632
123000	21.747994422668121
124000	21.637718703965835
125000	21.615554535492713
126000	21.875259688497749
127000	21.658245145692920
128000	21.731826880512667
129000	21.709969210486729
130000	21.559713873455106
131000	21.789350091505735
132000	21.691844056897992
133000	21.897187590741364
134000	21.613529021032765
135000	21.513390739977371
136000	21.813714838998248
137000	21.714804375871061
138000	21.651328447240775
139000	21.704551932411960
140000	21.838429015496139
141000	21.750326702028751
142000	21.885618981202100
143000	21.616409953403569
144000	21.604104154060032
145000	21.918675056792978
146000	21.719600393840707
147000	21.780039603517189
148000	21.768981281116368
149000	21.496459583109473
150000	21.625799027255585
151000	21.597234388953446
152000	21.877814614766788
153000	21.729003155907197
154000	21.785297076537923
155000	21.793002922652867
156000	21.598791628265051
157000	21.661192447807124
158000	21.665150232206663
159000	21.684466673008341
160000	21.662296467670611
161000	21.861397601282558
162000	21.558838952844503
163000	21.367834500121479
164000	21.819902314095753
165000	21.778987670618037
166000	21.604661473469747
167000	21.725942693985619
168000	21.566623345922796
169000	21.630175115760650
170000	21.726540621654646
171000	21.742802802242508
172000	21.804625424205717
173000	21.675576252390908
174000	21.697637406715426
175000	21.824635728532499
176000	21.768819903711961
177000	21.713437402587545
178000	21.795067553085836
179000	21.683239402163746
180000	21.611336129660486
181000	21.656093847232885
182000	21.565054261067726
183000	21.582251342753821
184000	21.582732239126585
185000	21.877275186999771
186000	21.696599385627355
187000	21.659088678664411
188000	21.732408653440352
189000	21.558622300791317
190000	21.519532289361280
191000	21.771405038545510
192000	21.776696341072586
193000	21.631316519710477
194000	21.725088285854945
195000	21.810778532986802
196000	21.762603438683609
197000	21.737587755666567
198000	21.630131571282579
199000	21.480675576849563
200000	21.699762146546661
201000	21.626303285221812
202000	21.821170633231034
203000	21.568559768600437
204000	21.762336450669345
205000	21.886214116507180
206000	21.911837635476740
207000	21.565724225032973
208000	21.784409256463675
209000	21.880988315425512
210000	21.665581470234525
211000	21.685949040444115
212000	21.628118686914075
213000	21.868389755331947
214000	21.771528326612287
215000	21.768448306749022
216000	21.638628076989662
217000	21.780651710762378
218000	21.596947085529141
219000	21.794137386248863
220000	21.566069543665964
221000	21.664672255278560
222000	21.884188477820317
223000	21.635600426895675
224000	21.757906673615913
225000	21.773731478892095
226000	21.596311104417616
227000	21.659768583834047
228000	21.686984974314090
229000	21.659505077316791
230000	21.554590926963709
231000	21.675280950748256
232000	21.470879297110955
233000	21.721015630468440
234000	21.734871470763906
235000	21.345923928927938
236000	21.640712402354229
237000	21.713334109662927
238000	21.772695399526185
239000	21.830589193002474
240000	21.699505138314024
241000	21.728451832945137
242000	21.740797019767907
243000	21.692233237079506
244000	21.560890509266727
245000	21.646764169162413
246000	21.615575405032374
247000	21.795149956276219
248000	21.686705618726716
249000	21.648392863783116
250000	21.576644127156325
251000	21.784389181454483
252000	21.439375133092568
253000	21.691680967189900
254000	21.356772687425785
255000	21.510698039602410
256000	21.738046444765590
257000	21.886733731533397
258000	21.812670722375614
259000	21.796544749545649
260000	21.564059570172589
261000	21.651128218250786
262000	21.792837915088768
263000	21.666269789360925
264000	21.704370610041082
265000	21.650352714983416
266000	21.645682150092462
267000	21.756842799543161
268000	21.766906844419950
269000	21.675870871305602
270000	21.599719343983722
271000	21.900421230999669
272000	21.790487798434953
273000	21.636900154404142
274000	21.792570290063949
275000	21.683366585836641
276000	21.484205859995289
277000	21.692869045665859
278000	21.640527081382125
279000	21.797005665973337
280000	21.708167654067960
281000	21.706365447725474
282000	21.495981577731065
283000	21.604292367615887
284000	21.763477977593421
285000	21.961928035614129
286000	21.852305942886048
287000	21.786164450058653
288000	21.579952581319375
289000	21.559069775286222
290000	21.881086182555446
291000	21.562023598354006
292000	21.688967420022781
293000	21.780671340664526
294000	21.712561454026812
295000	21.744678685539711
296000	21.666334755023865
297000	21.714635127115503
298000	21.690649906153812
299000	21.746969492097435
300000	21.690090960728572
300100	21.517264324855258
last result:	(-1123.0382500081394,-2754.245435533928,-299.7440786623242,2218.558203810292,1506.6061459869725,-655.2811495435159,3872.3465628115246,-1098.1081900173112,-4720.640496855175,-1921.8364995647664,-4066.1850852927887,628.8575327128638,-1593.851007135533,278.86884573577424,1533.7327989378102,3104.743604887189,2601.900732814311,5689.042282368558,1850.9368085309902,2505.1098299892196,260.4740492907299,-1136.1018124207203,-1590.9092303866673,1125.7589765907828,-105.53584127072912,-571.0686397258586,2497.0124263921853,1721.3561444954444,814.7856454153372,-108.92764828988973,2972.1536495101795,-5305.7275666777105,443.8243320606927,3256.0616447053994,82.25898206112086,-2513.0568104079043,149.50451242965235,-662.6976841448892,1768.7598475777986,1872.491945547039)
