seed	12026023	poultation_size	100	mean	3.0	sigma	40.0
evals	AckleyProblem vlaue
    1	21.723307929526580
 1000	21.747545700061671
 2000	21.481821134970684
 3000	21.542671053458527
 4000	21.839537246259113
 5000	21.610205679389495
 6000	21.815540142193150
 7000	21.776891018277187
 8000	21.683871452397000
 9000	21.828477329178906
10000	21.799748910101343
11000	21.715589915094537
12000	21.782202569825539
13000	21.765901275382440
14000	21.702849930500005
15000	21.780723127235262
16000	21.624943228857003
17000	21.850920616731663
18000	21.718072939146445
19000	21.685367933536238
20000	21.789053543282442
21000	21.595503595951403
22000	21.661726997067301
23000	21.611947109812721
24000	21.790079603641569
25000	21.829143393213698
26000	21.583293833939841
27000	21.662172786498385
28000	21.663201216644822
29000	21.780977461935564
30000	21.762295479774817
31000	21.812144127810370
32000	21.873143995627331
33000	21.541592614118287
34000	21.741329480164477
35000	21.813636235740784
36000	21.622532257942641
37000	21.720174598942325
38000	21.754874341462731
39000	21.789089483846748
40000	21.773100275945769
41000	21.747965862250176
42000	21.951152616056607
43000	21.856650130930927
44000	21.742579945605517
45000	21.731143856782481
46000	21.732507472304118
47000	21.882592551211467
48000	21.755563278176400
49000	21.849813973813870
50000	21.659855849048430
51000	21.716678159768765
52000	21.886706642467562
53000	21.727797246956904
54000	21.803698601059029
55000	21.755064417539288
56000	21.915648690251789
57000	21.615715119863211
58000	21.690147217178982
59000	21.688205618432551
60000	21.820178566218505
61000	21.589634797878379
62000	21.594394875135432
63000	21.767580959606899
64000	21.638702488163677
65000	21.679504866927029
66000	21.685714732415800
67000	21.685013625385185
68000	21.763784382469687
69000	21.621416372616217
70000	21.955461390682363
71000	21.725080042173857
72000	21.584265270610029
73000	21.849523740313970
74000	21.735982926199899
75000	21.864893729222988
76000	21.820924459872934
77000	21.763772148671279
78000	21.800032646573520
79000	21.686224820322522
80000	21.802296644185162
81000	21.676784915598994
82000	21.879572788492982
83000	21.519306510230667
84000	21.570012112056059
85000	21.550543528818359
86000	21.769359669168992
87000	21.900270942502218
88000	21.743171920124738
89000	21.637776591694486
90000	21.793236648868568
91000	21.652962157043717
92000	21.842791833345672
93000	21.650731397374724
94000	21.692632506511199
95000	21.622871320490557
96000	21.727103429444622
97000	21.666861607503865
98000	21.706674279386117
99000	21.648263573349460
100000	21.676677616058029
101000	21.706940503360983
102000	21.710212204136848
103000	21.800209716912534
104000	21.577586778916675
105000	21.454909215306742
106000	21.827013546235669
107000	21.548621958052312
108000	21.610195754463845
109000	21.693230603830226
110000	21.612749762430010
111000	21.848533904517144
112000	21.798219807301592
113000	21.724676622216645
114000	21.662579379728246
115000	21.854028609811092
116000	21.735990320497038
117000	21.482241850799866
118000	21.646671810944500
119000	21.817247637565700
120000	21.816685170534001
121000	21.847492780564952
122000	21.499296929746325
123000	21.885712917516361
124000	21.632031458930104
125000	21.748238702956883
126000	21.550953613490368
127000	21.650175228501247
128000	21.617711590880006
129000	21.877902724518730
130000	21.684099113335314
131000	21.659007316966978
132000	21.588969710066696
133000	21.854712960193485
134000	21.689792396094667
135000	21.812988173972684
136000	21.684010905609142
137000	21.760103686017775
138000	21.635978877585107
139000	21.722555330733215
140000	21.706539303250942
141000	21.880807053238296
142000	21.808747780854567
143000	21.909765753695535
144000	21.337483906369883
145000	21.700247937929248
146000	21.674855408083477
147000	21.848569847406299
148000	21.743692572309314
149000	21.699861829298783
150000	21.766035976584089
151000	21.661587814747282
152000	21.534910715195807
153000	21.851628339480452
154000	21.542315316443801
155000	21.793678933620647
156000	21.614047392438373
157000	21.774753810017362
158000	21.850858275477243
159000	21.717737666650606
160000	21.457802135586459
161000	21.819934477262716
162000	21.605180670266645
163000	21.679299973707241
164000	21.671080559750241
165000	21.620722927359626
166000	21.745274151677460
167000	21.627112672089506
168000	21.659870379944696
169000	21.799499276889495
170000	21.488406809711620
171000	21.546304729401353
172000	21.770114419509554
173000	21.461621984085152
174000	21.450324856894341
175000	21.744674203141876
176000	21.679381836512992
177000	21.648752139931283
178000	21.760713667965369
179000	21.865855979916329
180000	21.864905422680341
181000	21.687902879736807
182000	21.734139157389613
183000	21.833355256165984
184000	21.776722997741651
185000	21.604952178365085
186000	21.645601900748769
187000	21.632854821665394
188000	21.712350229782910
189000	21.547763038986428
190000	21.696884701416511
191000	21.739988160073136
192000	21.778328895276296
193000	21.723154781809697
194000	21.524809771873805
195000	21.796676948582391
196000	21.608464505194171
197000	21.981954203523980
198000	21.686419531832357
199000	21.643283279889463
200000	21.755108354169522
201000	21.783212336844805
202000	21.670280844756483
203000	21.693047882737673
204000	21.754408362061877
205000	21.729323466673232
206000	21.569148233349164
207000	21.727098820371218
208000	21.844206526191005
209000	21.897722863290710
210000	21.680531151275503
211000	21.848652495828638
212000	21.776756786707402
213000	21.864687207173336
214000	21.594676702490105
215000	21.694525084737013
216000	21.702655706228445
217000	21.640573015233084
218000	21.607342602019628
219000	21.795835246044511
220000	21.624833926603884
221000	21.793369803292620
222000	21.579107507098755
223000	21.657735758739527
224000	21.510308660166750
225000	21.711563602132838
226000	21.942704944773638
227000	21.645275372556043
228000	21.811809838231955
229000	21.686367531059837
230000	21.829548190902852
231000	21.724711116985929
232000	21.641479904015373
233000	21.633712726642756
234000	21.774954051847153
235000	21.681034089676050
236000	21.764771593394908
237000	21.691350371129932
238000	21.705684182118059
239000	21.927163643710113
240000	21.725020306880516
241000	21.865210320899944
242000	21.735588311027009
243000	21.731336296459322
244000	21.896327196408205
245000	21.585763927915092
246000	21.584237652728774
247000	21.815141356287459
248000	21.587920825087682
249000	21.551881081070643
250000	21.779566531816176
251000	21.740391100295227
252000	21.609552111424069
253000	21.731323340202611
254000	21.913236624526508
255000	21.852635216386538
256000	21.494685235576224
257000	21.634532348948195
258000	21.784847698042800
259000	21.681480754725893
260000	21.781600309417914
261000	21.683058340096238
262000	21.831325578248400
263000	21.389239741724477
264000	21.544282657126733
265000	21.606619656601612
266000	21.849366517915456
267000	21.813418264567566
268000	21.919156355357593
269000	21.848915368127741
270000	21.587688495995980
271000	21.647708696655823
272000	22.005584903827284
273000	21.534036043435751
274000	21.678357422449224
275000	21.879588145218129
276000	21.919083124093991
277000	21.672173990338354
278000	21.584900929820176
279000	21.713531632390623
280000	21.790092946269915
281000	21.691783264900369
282000	21.855330152609465
283000	21.659465402988509
284000	21.505660249765739
285000	21.806309302490185
286000	21.579959503546593
287000	21.572546583959991
288000	21.821634094987065
289000	21.722504818227449
290000	21.629048438474179
291000	21.649589660100954
292000	21.827558349987573
293000	21.830012067368536
294000	21.902652719823042
295000	21.769148197492694
296000	22.019747830552571
297000	21.729873829508971
298000	21.754175137162811
299000	21.709276522827842
300000	21.859969969788722
300100	21.807599024790520
last result:	(846.1155159943856,-962.6716060306323,-358.7177611850586,943.2244854525554,278.7633475278762,-318.53960201718985,181.23197365998874,-269.75257293093324,-20.355997217631135,198.93323818785777,18.81089088003948,-52.5829225594971,244.06423051090013,-1195.3081386918666,637.2004247062006,-16.61317837332645,51.745960218346184,-302.5660235081489,254.78899329154862,177.79983720246878,-537.687203886908,-360.62025620672125,-631.0721707055482,-236.64398194669704,244.36487753282805,-27.038430829853937,233.8664032485794,43.72797742521267,-669.5877011637417,-891.2684341664113,781.276059240807,456.14206925300914,-101.99218770605191,516.6491947949513,-703.4778117341208,-30.31665589537718,204.3878478927404,-330.56547898406745,194.79515031255048,-488.227597911472)
