seed	12026029	poultation_size	100	mean	1.0000000011238181	sigma	40.0
evals	RosenbrockProblem vlaue
    1	17498836264.853420257568359
 1000	8383263348.467721939086914
 2000	1120419678.915713071823120
 3000	179745530.696434855461121
 4000	24115370.194415718317032
 5000	5724681.985128270462155
 6000	3594379.482905769720674
 7000	301993.330392931995448
 8000	73490.957197667390574
 9000	48009.387334702740191
10000	5043.229582446042514
11000	3326.817915021983936
12000	2887.373128307816842
13000	488.897747822000213
14000	312.380608500748167
15000	136.103746751926366
16000	119.674311562910688
17000	74.672816559732624
18000	68.038152470554607
19000	44.606296890988311
20000	41.797819784843256
21000	39.800196612756068
22000	38.447663715820269
23000	38.489587046869360
24000	38.283485773924951
25000	37.953522234519070
26000	38.266486864962935
27000	38.133860384576089
28000	37.336176966351765
29000	37.249329018602218
30000	37.061531379926222
31000	36.811669986953774
32000	37.263981871294746
33000	36.117125564449189
34000	36.094449330431914
35000	36.195937464462148
36000	35.643451268120188
37000	35.270847609269474
38000	35.185994710155676
39000	35.146252895946262
40000	34.632194166964041
41000	34.707974375852942
42000	34.189514996067572
43000	33.880903799114137
44000	33.393142215087330
45000	33.494066962919923
46000	33.118679397757340
47000	32.859051545561876
48000	32.598859416746336
49000	32.506971727541980
50000	31.934088033189077
51000	31.823585955679782
52000	31.778105684381099
53000	31.861964294091784
54000	31.615215430111441
55000	31.260379659320108
56000	32.111946888539123
57000	30.604877795208893
58000	30.571557162524591
59000	30.121482725287709
60000	30.024028546161269
61000	29.890671318683328
62000	30.368368752879228
63000	29.659450648632944
64000	28.739401461927450
65000	28.809841390466943
66000	28.119032228389010
67000	28.035960195407284
68000	27.999857991577791
69000	27.915488247230559
70000	27.628852058173440
71000	27.712512407431678
72000	27.149846317915351
73000	26.925954271670712
74000	27.183626408794563
75000	26.432182668973550
76000	26.361781264967618
77000	25.959495695693935
78000	25.702861319494602
79000	25.419542230793212
80000	25.300474283039502
81000	25.498857539392752
82000	24.781028248541055
83000	24.201727634826231
84000	24.121362128325991
85000	23.710720628128588
86000	23.709073291229739
87000	23.412359354155839
88000	23.140434898907692
89000	23.243359310801804
90000	22.810388928324368
91000	22.405799200238540
92000	23.231245038554604
93000	22.665603228015119
94000	22.167308480324380
95000	21.996275330790318
96000	21.656811767657651
97000	21.309857675009262
98000	20.883917612047668
99000	20.946512496927145
100000	20.963692347307905
101000	20.244493238584276
102000	20.500953160122240
103000	20.457662135701586
104000	19.727333627317712
105000	19.431127480356785
106000	19.698851550113904
107000	19.386190324574063
108000	19.098315140660276
109000	18.503474286413358
110000	18.573681266769999
111000	18.533137318227315
112000	18.449089082458560
113000	17.507389663811114
114000	17.465344865508463
115000	17.361299333957071
116000	17.650977079816204
117000	17.526989052290965
118000	17.022528680813206
119000	16.631562473209044
120000	16.708824928417553
121000	15.854411053999657
122000	15.830805730253878
123000	15.325206281491885
124000	15.623971478438426
125000	14.945325878164436
126000	15.097841485051132
127000	15.039808221939406
128000	14.423280184397822
129000	14.316564338826433
130000	14.486452116963784
131000	14.267175267022553
132000	14.191196378892991
133000	13.352758938535633
134000	13.211389966539642
135000	13.348519922979023
136000	12.827103126680836
137000	12.626311388495301
138000	12.267749754382896
139000	11.574228032888596
140000	11.577191557909075
141000	12.207002650788121
142000	11.435745052682163
143000	11.113527573744181
144000	10.909831730501857
145000	10.696547586940158
146000	10.381281308946489
147000	10.201097999182988
148000	10.234488337998012
149000	9.888937121135775
150000	9.430072514659624
151000	9.113075069991423
152000	9.304738713971563
153000	9.803535023536980
154000	8.627964394597896
155000	8.349022702642529
156000	8.123245226009963
157000	8.002355711416735
158000	7.961424998074174
159000	7.576527763094347
160000	7.216378844284193
161000	7.450504488677359
162000	7.026817247130040
163000	6.844365151419126
164000	6.241048571781079
165000	5.931107349994679
166000	5.940301733464436
167000	5.818759253610595
168000	5.401879273244067
169000	5.421326803360341
170000	5.359261571061174
171000	4.514481811711159
172000	4.269609956053404
173000	4.363639776539974
174000	4.752812394149313
175000	4.050316517577647
176000	3.726352044282037
177000	3.508220538801312
178000	3.334090953041355
179000	3.063275872405334
180000	3.393832148283587
181000	2.580964362712285
182000	2.362607649668486
183000	2.342544515794268
184000	1.673620523141277
185000	1.659449215052581
186000	1.545399124236865
187000	1.851168118684053
188000	1.067437487879220
189000	0.957329183921312
190000	0.793535008669308
191000	0.619148788968737
192000	0.586983058821945
193000	0.561946228479246
194000	0.514822344457458
195000	0.269484940412923
196000	0.365378030529142
197000	0.287591150267356
198000	0.208645948650164
199000	0.119064337593455
200000	0.107472270346687
201000	0.078887018003829
202000	0.067699440328863
203000	0.073987406687708
204000	0.033899424341877
205000	0.019653566175997
206000	0.011737820596286
207000	0.004458369650071
208000	0.007784881971020
209000	0.001645247100551
210000	0.001244695253442
211000	0.000499402638171
212000	0.000298931869302
213000	0.000115526490780
214000	0.000089042230204
215000	0.000037436529185
216000	0.000016121124094
217000	0.000008610713286
218000	0.000005091972970
219000	0.000001224277490
220000	0.000000489427255
221000	0.000000288223483
222000	0.000000155421551
223000	0.000000062004876
224000	0.000000030056867
225000	0.000000008817352
226000	0.000000009518663
227000	0.000000002837852
228000	0.000000001708219
229000	0.000000000740533
230000	0.000000000527300
231000	0.000000000208806
232000	0.000000000138997
233000	0.000000000058802
234000	0.000000000025678
235000	0.000000000015031
236000	0.000000000005643
237000	0.000000000004413
238000	0.000000000001685
239000	0.000000000001085
240000	0.000000000000515
241000	0.000000000000203
242000	0.000000000000108
242000	0.000000000000108
last result:	(0.9999999992040003,0.9999999980225623,0.9999999984798423,1.0000000017663093,0.9999999974262894,1.0000000018633204,0.9999999985060682,0.9999999936814823,0.99999999543356,1.0000000000696834,0.9999999947236118,0.9999999981842393,1.0000000000159581,0.999999994411636,0.9999999973958813,1.000000003962833,1.0000000039568906,1.0000000039349646,1.0000000042777228,1.0000000024962339,1.0000000059419443,1.000000001971575,1.0000000028526193,1.000000003966578,1.000000003196202,1.0000000009967869,0.9999999995898413,0.999999998497045,0.9999999997342514,1.0000000016851687,0.9999999979054714,0.9999999986725734,0.9999999992978691,0.9999999991582456,1.0000000005957335,1.0000000052531626,1.000000008742987,1.000000023490856,1.0000000418855877,1.0000000763307648)
