seed	12026021	poultation_size	100	mean	3.0	sigma	40.0
evals	SphereProblem vlaue
    1	85394.949528548764647
 1000	18150.402217594240938
 2000	2480.293278429658585
 3000	740.387370987347140
 4000	398.852708014154359
 5000	121.040061809510902
 6000	22.724571932960576
 7000	7.889878782618254
 8000	2.001450899738142
 9000	0.271311850226683
10000	0.129563507981952
11000	0.041576940702399
12000	0.012015265001996
13000	0.003695354698433
14000	0.000705229874378
15000	0.000537520765678
16000	0.000069321961137
17000	0.000031460281672
18000	0.000011005647583
19000	0.000001525875117
20000	0.000000499744721
21000	0.000000116034233
22000	0.000000022234830
23000	0.000000005956007
24000	0.000000001768763
25000	0.000000000612786
26000	0.000000000262382
27000	0.000000000064694
28000	0.000000000027239
29000	0.000000000005658
30000	0.000000000001437
31000	0.000000000000249
32000	0.000000000000079
32400	0.000000000000055
last result:	(2.5792489976180578e-08,-4.768237973193366e-08,2.7520039729736616e-08,4.2703234232049206e-08,2.8145919687555758e-08,1.9045553003174058e-08,5.129459040902999e-08,-5.866507781014612e-09,5.1824678420993956e-08,2.4015707267931712e-08,-2.7326830200513844e-08,-1.0529259374215134e-08,-1.79650344394687e-08,1.2809195881251412e-08,1.4496361051192883e-08,-6.633636450365065e-08,4.4950371325132635e-08,-5.658254403756793e-09,-8.325764545849126e-08,5.153025697368262e-08,-7.30188502752742e-09,1.0294585012044306e-08,-5.136187859295005e-08,2.768747074328205e-08,-4.141459306623483e-08,-7.862657891515937e-09,-2.8016179972123602e-08,-4.3092665639960784e-08,-4.382913990133044e-08,5.603140468111899e-08,7.57223279350237e-09,-3.332473923956625e-08,-2.01050598693261e-08,2.63404852952708e-09,-3.433842837823984e-08,-1.5720401824066387e-08,6.263510260293465e-08,-5.6670792362185695e-08,-1.0720242299295137e-08,-4.0009054542969303e-08)
