seed	12026025	poultation_size	100	mean	3.0	sigma	40.0
evals	SphereProblem vlaue
    1	54904.737812076222326
 1000	14741.073022651100473
 2000	4714.189313520283577
 3000	1881.428691907089842
 4000	583.816267480604552
 5000	119.940653953561053
 6000	32.819995459254898
 7000	10.678601272216831
 8000	2.549420925099458
 9000	0.788667859336881
10000	0.269895901322718
11000	0.057329402359554
12000	0.013721156353801
13000	0.006300936149423
14000	0.001112617694789
15000	0.000688936222436
16000	0.000220721751361
17000	0.000024155796660
18000	0.000012362141902
19000	0.000007255154382
20000	0.000001703487431
21000	0.000000612755498
22000	0.000000172027042
23000	0.000000042850247
24000	0.000000009096656
25000	0.000000004526793
26000	0.000000000738660
27000	0.000000000287961
28000	0.000000000054522
29000	0.000000000012899
30000	0.000000000005925
31000	0.000000000002820
32000	0.000000000000982
33000	0.000000000000210
34000	0.000000000000085
34500	0.000000000000037
last result:	(2.1406285504179687e-08,4.5666235345015146e-08,1.636704675453597e-08,-2.708059572809627e-08,-1.9244815448026075e-08,4.1215648711701565e-10,-2.8732450307652944e-08,5.0883948266592485e-09,-2.0100885908258264e-08,-6.830033759348342e-08,-1.7142370933669033e-08,-2.652656866467618e-09,2.4314020757099934e-08,-6.078863663722089e-09,4.812594344962255e-09,4.4406507682715246e-08,4.10888702805518e-08,-9.221881057033762e-09,-6.409100183881448e-08,3.776070275360971e-09,-1.1058733028674475e-09,1.3003228346529357e-08,4.3081306438603724e-08,-1.583938125004971e-08,5.0738851224730034e-08,4.8998853031422564e-08,-7.366216617669847e-08,3.099650918817153e-08,-1.704555932440553e-09,-2.063478889427244e-08,-1.9726013501937935e-08,4.072860404279051e-08,3.760430443907917e-09,5.048830641932072e-09,7.411582506193298e-09,-2.349540173789911e-08,-2.8138321058422086e-10,2.1587678413054923e-09,3.442301270741457e-08,-8.082950862487819e-10)
